-= Event #1 =-
01 (1 page)

01 (Page #1)
02 0B 01 01 00 02 02 89 33 07 01 01 00
17 01 02
19 01 00
1F 01 00
21 01 04
22 01 00
23 01 00
24 01 00
29 03 0C 00 00
33 02 81 13
34 81 13 (147 Bytes)
...commands
00

-= Event #2 =-
06 (6 pages)

01 (Page #1)
02 07 01 01 00 07 01 01 00
15 07 46 75 74 75 72 65 33
17 01 02
18 01 02
19 01 00
1F 01 00
21 01 00
22 01 01
23 01 00
24 01 00
29 03 0C 00 00
33 02 83 47
34 83 47 (455 Bytes)
...commands
00

02 (Page #2)
02 07 01 01 00 07 01 01 00
15 07 46 75 74 75 72 65 33
17 01 02
18 01 02
19 01 00
1F 01 00
21 01 00
22 01 01
23 01 00
24 01 00
29 03 0C 00 00
33 01 39
34 39 (57 Bytes)
...commands
00

03 (Page #3)
02 07 01 01 00 07 01 01 00
15 07 46 75 74 75 72 65 33
17 01 02
18 01 02
19 01 00
1F 01 00
21 01 04
22 01 01
23 01 00
24 01 00
29 03 0C 00 00
33 02 81 4E
34 81 4E (206 Bytes)
00

04 (Page #4)
02 0E 01 01 04 04 02 86 1A 05 01 01 07 01 01 00
17 01 02
19 01 00
1F 01 00
21 01 04
22 01 00
23 01 00
24 01 00
29 03 0C 00 00
33 01 65
34 65 (101 Bytes)
00

05
02 0F 01 01 01 02 02 86 24 04 02 86 1A 07 01 01 00
17 01 02
19 01 00
1F 01 00
21 01 04
22 01 00
23 01 00
24 01 00
29 03 0C 00 00
33 02 83 03
34 83 03 (387 Bytes)
00

06
02 12 01 01 04 02 02 86 24 04 02 86 1A 05 01 02 07 01 01 00
15 07 46 75 74 75 72 65 33
17 01 03
18 01 00
19 01 00
1F 01 00
21 01 04
22 01 01
23 01 00
24 01 00
29 03 0C 00 00
33 02 86 1C
34 86 1C (796 Bytes)
00

-= Event #4 =-
01

01
02 0B 01 01 01 02 02 8A 32 07 01 01 00
15 11 53 6F 6C 64 61 74 65 6E 5F 7A 75 6B 75 6E 66 74 32
16 01 04
17 01 00
18 01 02
19 01 00
1F 01 00
21 01 00
22 01 00
23 01 00
24 01 04
29 03 0C 00 00
33 01 04
34 04
...commands
00

...

-= Event #56 =-
01

01
02 07 01 01 00 07 01 01 00
16 01 5C
17 01 02
19 01 00
1F 01 00
21 01 00
22 01 02
23 01 00
24 01 00
29 03 0C 00 00
33 01 04
34 04
...commands
00

-= Event #57 =-
01

01
02 07 01 01 00 07 01 01 00
16 01 66
17 01 02
19 01 00
1F 01 00
21 01 00
22 01 02
23 01 00
24 01 00
29 03 0C 00 00
33 01 04
34 04
...commands
00