38 (56 Events)

01 (Event #1)
01 04 54 65 73 74
05 81 44 (196 Bytes)
...pages
00

02 (Event #2)
01 0D 54 68 65 2D 4D 41 50 2D 45 76 65 6E 74
02 01 08
03 01 01
05 92 21 (2337 Bytes)
...pages
00

04 (Event #4)
01 0A 53 6F 6C 64 61 74 2D 54 4F 44
02 01 08
03 01 06
05 4C (76 Bytes)
...pages
00

05 01 0A 53 6F 6C 64 61 74 2D 54 4F 44 02 01 06 03 01 07 05 4C 01 01 02 0B 01 01 01 02 02 8A 32 07 01 01 00 15 11 53 6F 6C 64 61 74 65 6E 5F 7A 75 6B 75 6E 66 74 32 16 01 04 17 01 01 18 01 02 19 01 00 1F 01 00 21 01 00 22 01 00 23 01 00 24 01 04 29 03 0C 00 00 33 01 04 34 04 00 00 00 00 00 00 06 01 0A 53 6F 6C 64 61 74 2D 54 4F 44 02 01 07 03 01 07 05 4C 01 01 02 0B 01 01 01 02 02 8A 32 07 01 01 00 15 11 53 6F 6C 64 61 74 65 6E 5F 7A 75 6B 75 6E 66 74 32 16 01 05 17 01 01 18 01 02 19 01 00 1F 01 00 21 01 00 22 01 00 23 01 00 24 01 04 29 03 0C 00 00 33 01 04 34 04 00 00 00 00 00 00 07 01 0A 53 6F 6C 64 61 74 2D 54 4F 44 02 01 02 03 01 09 05 4B 01 01 02 0B 01 01 01 02 02 8A 32 07 01 01 00 15 10 53 6F 6C 64 61 74 65 6E 5F 7A 75 6B 75 6E 66 74 16 01 04 17 01 02 18 01 02 19 01 00 1F 01 00 21 01 00 22 01 00 23 01 00 24 01 04 29 03 0C 00 00 33 01 04 34 04 00 00 00 00 00 00 08 01 0A 53 6F 6C 64 61 74 2D 54 4F 44 02 01 07 03 01 0A 05 4C 01 01 02 0B 01 01 01 02 02 8A 32 07 01 01 00 15 11 53 6F 6C 64 61 74 65 6E 5F 7A 75 6B 75 6E 66 74 32 16 01 04 17 01 03 18 01 02 19 01 00 1F 01 00 21 01 00 22 01 00 23 01 00 24 01 04 29 03 0C 00 00 33 01 04 34 04 00 00 00 00 00 00 09 01 0A 53 6F 6C 64 61 74 2D 54 4F 44 02 01 06 03 01 0A 05 4C 01 01 02 0B 01 01 01 02 02 8A 32 07 01 01 00 15 11 53 6F 6C 64 61 74 65 6E 5F 7A 75 6B 75 6E 66 74 32 16 01 05 17 01 03 18 01 02 19 01 00 1F 01 00 21 01 00 22 01 00 23 01 00 24 01 04 29 03 0C 00 00 33 01 04 34 04 00 00 00 00 00 00 0A 01 0A 53 6F 6C 64 61 74 2D 54 4F 44 02 01 02 03 01 06 05 4C 01 01 02 0B 01 01 01 02 02 8A 32 07 01 01 00 15 11 53 6F 6C 64 61 74 65 6E 5F 7A 75 6B 75 6E 66 74 32 16 01 04 17 01 03 18 01 02 19 01 00 1F 01 00 21 01 00 22 01 00 23 01 00 24 01 04 29 03 0C 00 00 33 01 04 34 04 00 00 00 00 00 00 0B 01 0A 53 6F 6C 64 61 74 2D 54 4F 44 02 01 01 03 01 06 05 4C 01 01 02 0B 01 01 01 02 02 8A 32 07 01 01 00 15 11 53 6F 6C 64 61 74 65 6E 5F 7A 75 6B 75 6E 66 74 32 16 01 05 17 01 03 18 01 02 19 01 00 1F 01 00 21 01 00 22 01 00 23 01 00 24 01 04 29 03 0C 00 00 33 01 04 34 04 00 00 00 00 00 00 0C 01 0A 53 6F 6C 64 61 74 2D 54 4F 44 02 01 03 03 01 08 05 4B 01 01 02 0B 01 01 01 02 02 8A 32 07 01 01 00 15 10 53 6F 6C 64 61 74 65 6E 5F 7A 75 6B 75 6E 66 74 16 01 04 17 01 01 18 01 02 19 01 00 1F 01 00 21 01 00 22 01 00 23 01 00 24 01 04 29 03 0C 00 00 33 01 04 34 04 00 00 00 00 00 00 0D 01 0A 53 6F 6C 64 61 74 2D 54 4F 44 02 01 04 03 01 08 05 4B 01 01 02 0B 01 01 01 02 02 8A 32 07 01 01 00 15 10 53 6F 6C 64 61 74 65 6E 5F 7A 75 6B 75 6E 66 74 16 01 05 17 01 01 18 01 02 19 01 00 1F 01 00 21 01 00 22 01 00 23 01 00 24 01 04 29 03 0C 00 00 33 01 04 34 04 00 00 00 00 00 00 0E 01 0A 53 6F 6C 64 61 74 2D 54 4F 44 02 01 04 03 01 0B 05 4B 01 01 02 0B 01 01 01 02 02 8A 32 07 01 01 00 15 10 53 6F 6C 64 61 74 65 6E 5F 7A 75 6B 75 6E 66 74 16 01 04 17 01 02 18 01 02 19 01 00 1F 01 00 21 01 00 22 01 00 23 01 00 24 01 04 29 03 0C 00 00 33 01 04 34 04 00 00 00 00 00 00 0F 01 0A 53 6F 6C 64 61 74 2D 54 4F 44 02 01 0A 03 01 09 05 4C 01 01 02 0B 01 01 01 02 02 8A 32 07 01 01 00 15 11 53 6F 6C 64 61 74 65 6E 5F 7A 75 6B 75 6E 66 74 32 16 01 04 17 01 01 18 01 02 19 01 00 1F 01 00 21 01 00 22 01 00 23 01 00 24 01 04 29 03 0C 00 00 33 01 04 34 04 00 00 00 00 00 00 10 01 0A 53 6F 6C 64 61 74 2D 54 4F 44 02 01 0B 03 01 09 05 4C 01 01 02 0B 01 01 01 02 02 8A 32 07 01 01 00 15 11 53 6F 6C 64 61 74 65 6E 5F 7A 75 6B 75 6E 66 74 32 16 01 05 17 01 01 18 01 02 19 01 00 1F 01 00 21 01 00 22 01 00 23 01 00 24 01 04 29 03 0C 00 00 33 01 04 34 04 00 00 00 00 00 00 11 01 0A 53 6F 6C 64 61 74 2D 54 4F 44 02 01 0D 03 01 07 05 4C 01 01 02 0B 01 01 01 02 02 8A 32 07 01 01 00 15 11 53 6F 6C 64 61 74 65 6E 5F 7A 75 6B 75 6E 66 74 32 16 01 04 17 01 00 18 01 02 19 01 00 1F 01 00 21 01 00 22 01 00 23 01 00 24 01 04 29 03 0C 00 00 33 01 04 34 04 00 00 00 00 00 00 12 01 0A 53 6F 6C 64 61 74 2D 54 4F 44 02 01 10 03 01 0B 05 4C 01 01 02 0B 01 01 01 02 02 8A 32 07 01 01 00 15 11 53 6F 6C 64 61 74 65 6E 5F 7A 75 6B 75 6E 66 74 32 16 01 04 17 01 03 18 01 02 19 01 00 1F 01 00 21 01 00 22 01 00 23 01 00 24 01 04 29 03 0C 00 00 33 01 04 34 04 00 00 00 00 00 00 13 01 0A 53 6F 6C 64 61 74 2D 54 4F 44 02 01 11 03 01 09 05 4B 01 01 02 0B 01 01 01 02 02 8A 32 07 01 01 00 15 10 53 6F 6C 64 61 74 65 6E 5F 7A 75 6B 75 6E 66 74 16 01 04 17 01 03 18 01 02 19 01 00 1F 01 00 21 01 00 22 01 00 23 01 00 24 01 04 29 03 0C 00 00 33 01 04 34 04 00 00 00 00 00 00 14 01 0A 53 6F 6C 64 61 74 2D 54 4F 44 02 01 10 03 01 09 05 4B 01 01 02 0B 01 01 01 02 02 8A 32 07 01 01 00 15 10 53 6F 6C 64 61 74 65 6E 5F 7A 75 6B 75 6E 66 74 16 01 05 17 01 03 18 01 02 19 01 00 1F 01 00 21 01 00 22 01 00 23 01 00 24 01 04 29 03 0C 00 00 33 01 04 34 04 00 00 00 00 00 00 15 01 0D 53 6F 6C 64 61 74 2D 54 4F 44 57 45 47 02 01 10 03 01 07 05 4C 01 01 02 0B 01 01 01 02 02 8A 32 07 01 01 00 15 11 53 6F 6C 64 61 74 65 6E 5F 7A 75 6B 75 6E 66 74 32 16 01 04 17 01 02 18 01 02 19 01 00 1F 01 00 21 01 00 22 01 00 23 01 00 24 01 04 29 03 0C 00 00 33 01 04 34 04 00 00 00 00 00 00 16 01 09 53 4F 4B 4F 2D 54 4F 44 31 02 01 19 03 01 0A 05 81 58 03 01 02 0B 01 01 01 02 02 8A 32 07 01 01 00 15 0C 63 68 61 72 61 5F 73 6F 6B 6F 5F 7A 16 01 05 17 01 00 19 01 00 1F 01 00 21 01 00 22 01 00 23 01 00 24 01 04 29 03 0C 00 00 33 01 04 34 04 00 00 00 00 00 02 02 12 01 01 04 04 02 8E 0E 05 05 8F FF FF FF 26 07 01 01 00 15 0C 63 68 61 72 61 5F 73 6F 6B 6F 5F 7A 16 01 01 17 01 02 19 01 00 1F 01 00 21 01 00 22 01 00 23 01 00 24 01 04 29 03 0C 00 00 33 01 04 34 04 00 00 00 00 00 03 02 12 01 01 04 04 02 8E 0E 05 05 8F FF FF FF 30 07 01 01 00 15 0C 63 68 61 72 61 5F 73 6F 6B 6F 5F 7A 16 01 06 17 01 01 19 01 00 1F 01 00 21 01 00 22 01 00 23 01 00 24 01 04 29 03 0C 00 00 33 01 04 34 04 00 00 00 00 00 00 17 01 09 53 4F 4B 4F 2D 54 4F 44 32 02 01 1A 03 01 0A 05 81 61 03 01 02 0B 01 01 01 02 02 8A 32 07 01 01 00 15 0C 63 68 61 72 61 5F 73 6F 6B 6F 5F 7A 16 01 05 17 01 00 18 01 02 19 01 00 1F 01 00 21 01 00 22 01 00 23 01 00 24 01 04 29 03 0C 00 00 33 01 04 34 04 00 00 00 00 00 02 02 12 01 01 04 04 02 8E 0E 05 05 8F FF FF FF 26 07 01 01 00 15 0C 63 68 61 72 61 5F 73 6F 6B 6F 5F 7A 16 01 01 17 01 02 18 01 02 19 01 00 1F 01 00 21 01 00 22 01 00 23 01 00 24 01 04 29 03 0C 00 00 33 01 04 34 04 00 00 00 00 00 03 02 12 01 01 04 04 02 8E 0E 05 05 8F FF FF FF 30 07 01 01 00 15 0C 63 68 61 72 61 5F 73 6F 6B 6F 5F 7A 16 01 06 17 01 01 18 01 02 19 01 00 1F 01 00 21 01 00 22 01 00 23 01 00 24 01 04 29 03 0C 00 00 33 01 04 34 04 00 00 00 00 00 00 18 01 0D 53 6F 6C 64 61 74 2D 54 4F 44 57 45 47 02 01 13 03 01 07 05 4C 01 01 02 0B 01 01 00 02 02 8A 32 07 01 01 00 15 11 53 6F 6C 64 61 74 65 6E 5F 7A 75 6B 75 6E 66 74 32 16 01 04 17 01 01 18 01 02 19 01 00 1F 01 00 21 01 00 22 01 00 23 01 00 24 01 04 29 03 0C 00 00 33 01 04 34 04 00 00 00 00 00 00 19 01 0D 53 6F 6C 64 61 74 2D 54 4F 44 57 45 47 02 01 14 03 01 07 05 4C 01 01 02 0B 01 01 00 02 02 8A 32 07 01 01 00 15 11 53 6F 6C 64 61 74 65 6E 5F 7A 75 6B 75 6E 66 74 32 16 01 05 17 01 01 18 01 02 19 01 00 1F 01 00 21 01 00 22 01 00 23 01 00 24 01 04 29 03 0C 00 00 33 01 04 34 04 00 00 00 00 00 00 1A 01 0E 53 6F 6C 64 61 74 2D 54 4F 44 57 45 47 78 02 01 1E 03 01 0C 05 4B 01 01 02 0B 01 01 00 02 02 8A 32 07 01 01 00 15 10 53 6F 6C 64 61 74 65 6E 5F 7A 75 6B 75 6E 66 74 16 01 04 17 01 02 18 01 02 19 01 00 1F 01 00 21 01 00 22 01 00 23 01 00 24 01 04 29 03 0C 00 00 33 01 04 34 04 00 00 00 00 00 00 1B 01 0A 53 6F 6C 64 61 74 2D 54 4F 44 02 01 20 03 01 0E 05 4C 01 01 02 0B 01 01 01 02 02 8A 32 07 01 01 00 15 11 53 6F 6C 64 61 74 65 6E 5F 7A 75 6B 75 6E 66 74 32 16 01 04 17 01 03 18 01 02 19 01 00 1F 01 00 21 01 00 22 01 00 23 01 00 24 01 04 29 03 0C 00 00 33 01 04 34 04 00 00 00 00 00 00 1C 01 0A 53 6F 6C 64 61 74 2D 54 4F 44 02 01 1F 03 01 0E 05 4C 01 01 02 0B 01 01 01 02 02 8A 32 07 01 01 00 15 11 53 6F 6C 64 61 74 65 6E 5F 7A 75 6B 75 6E 66 74 32 16 01 05 17 01 03 18 01 02 19 01 00 1F 01 00 21 01 00 22 01 00 23 01 00 24 01 04 29 03 0C 00 00 33 01 04 34 04 00 00 00 00 00 00 1D 01 0E 53 6F 6C 64 61 74 2D 54 4F 44 57 45 47 78 02 01 14 03 01 0F 05 4B 01 01 02 0B 01 01 00 02 02 8A 32 07 01 01 00 15 10 53 6F 6C 64 61 74 65 6E 5F 7A 75 6B 75 6E 66 74 16 01 04 17 01 00 18 01 02 19 01 00 1F 01 00 21 01 00 22 01 00 23 01 00 24 01 04 29 03 0C 00 00 33 01 04 34 04 00 00 00 00 00 00 1E 01 0E 53 6F 6C 64 61 74 2D 54 4F 44 57 45 47 78 02 01 1D 03 01 07 05 4C 01 01 02 0B 01 01 00 02 02 8A 32 07 01 01 00 15 11 53 6F 6C 64 61 74 65 6E 5F 7A 75 6B 75 6E 66 74 32 16 01 04 17 01 02 18 01 02 19 01 00 1F 01 00 21 01 00 22 01 00 23 01 00 24 01 04 29 03 0C 00 00 33 01 04 34 04 00 00 00 00 00 00 1F 01 0A 53 6F 6C 64 61 74 2D 54 4F 44 02 01 0F 03 01 0B 05 4C 01 01 02 0B 01 01 01 02 02 8A 32 07 01 01 00 15 11 53 6F 6C 64 61 74 65 6E 5F 7A 75 6B 75 6E 66 74 32 16 01 05 17 01 03 18 01 02 19 01 00 1F 01 00 21 01 00 22 01 00 23 01 00 24 01 04 29 03 0C 00 00 33 01 04 34 04 00 00 00 00 00 00 20 01 06 45 56 30 30 33 32 02 01 15 03 01 05 05 9C 02 04 01 02 07 01 01 00 07 01 01 00 17 01 02 19 01 00 1F 01 00 21 01 03 22 01 00 23 01 00 24 01 00 29 03 0C 00 00 33 02 83 45 34 83 45 CF 62 00 00 04 00 8A 32 8A 32 00 CF 62 00 00 04 00 8A 33 8A 33 00 D6 66 00 0C 49 6E 74 72 6F 2D 44 75 6E 6B 65 6C 0E 14 00 81 20 78 00 64 00 01 64 64 64 64 00 3C D6 16 00 00 06 64 46 46 32 00 01 D6 0C 00 00 01 13 D6 70 00 00 10 14 00 81 20 78 00 64 00 00 81 48 81 48 81 48 64 00 93 BC D0 30 02 01 D6 70 00 00 10 14 00 81 20 78 00 64 64 00 81 48 81 48 81 48 64 00 93 BC D0 30 05 01 D9 12 00 00 01 04 D6 70 00 00 10 14 00 81 20 78 00 64 64 00 64 64 64 64 00 85 91 A1 E4 75 00 01 D6 70 00 00 10 14 00 81 20 78 00 64 00 00 64 64 64 64 00 93 BC D0 30 0F 01 D4 3A 00 00 03 81 06 1D 0C CF 6C 00 00 07 00 86 0E 86 0E 00 06 01 04 CF 6C 00 00 07 00 86 0F 86 0F 00 06 01 05 CF 6C 00 00 07 00 86 0E 86 0E 02 00 08 00 CF 6C 00 00 07 00 86 0F 86 0F 02 00 10 00 CF 6C 00 00 07 00 86 0E 86 0E 01 00 82 40 00 CF 6C 00 00 07 00 86 0F 86 0F 01 00 81 08 00 D6 66 00 0F 6C 69 67 68 74 6D 61 70 5F 69 6E 74 72 6F 37 0E 06 01 86 0E 86 0F 01 64 3C 00 64 64 64 64 00 3C D9 12 00 00 01 05 D6 70 00 00 10 14 00 81 20 78 00 64 00 00 81 48 81 48 81 48 64 00 93 BC D0 30 02 01 D6 70 00 00 10 14 00 81 20 78 00 64 64 00 81 48 81 48 81 48 64 00 93 BC D0 30 05 01 D9 12 00 00 01 04 D6 70 00 00 10 14 00 81 20 78 00 64 64 00 64 64 64 64 00 85 91 A1 E4 75 00 01 D6 70 00 00 10 14 00 81 20 78 00 64 00 00 64 64 64 64 00 93 BC D0 30 0F 01 D6 02 00 00 01 13 D4 3A 00 00 03 81 05 25 0C 00 00 00 00 00 02 02 12 01 01 04 04 02 8E 0E 05 05 8F FF FF FF 1C 07 01 01 00 17 01 02 19 01 00 1F 01 00 21 01 03 22 01 00 23 01 00 24 01 00 29 03 0C 00 00 33 02 86 1F 34 86 1F D6 16 00 00 06 64 50 50 1E 00 01 D6 70 00 00 10 14 00 81 20 78 00 64 64 00 81 48 81 48 81 48 64 00 64 05 01 D9 12 00 00 01 05 D8 42 00 00 18 2C 08 00 00 22 10 53 6F 6C 64 61 74 65 6E 5F 7A 75 6B 75 6E 66 74 02 0D D8 42 00 00 0F 2B 08 00 00 22 08 5F 5F 46 61 72 62 65 6E 00 DA 1E 00 05 53 68 6F 74 33 03 50 81 0C 32 CF 6C 00 00 07 00 01 01 00 06 2C 04 CF 6C 00 00 07 00 02 02 00 06 2C 05 CF 6C 00 00 07 00 02 02 02 00 16 00 CF 6C 00 00 07 00 01 01 01 00 0A 00 D6 66 00 0F 53 43 48 4C 41 47 5F 5A 53 6F 6C 64 61 74 33 0E 07 01 01 02 00 64 00 01 81 48 81 48 81 48 64 00 3C CF 6C 00 00 07 00 01 01 00 06 26 04 CF 6C 00 00 07 00 02 02 00 06 26 05 CF 6C 00 00 07 00 02 02 02 00 10 00 D6 70 00 00 10 07 01 01 02 00 64 00 00 81 48 81 48 81 48 64 00 00 02 01 D8 42 00 00 05 26 08 00 00 0E D8 38 00 00 07 26 1F 00 00 0A 0A 00 D6 66 00 0F 53 43 48 4C 41 47 5F 5A 53 6F 6C 64 61 74 34 0E 07 01 01 02 01 64 00 01 64 64 64 64 00 00 D6 70 00 00 10 07 01 01 02 00 81 16 46 00 64 64 64 64 00 82 CF C8 78 02 00 D6 7A 00 00 01 06 DB 3E 00 00 01 15 D4 6C 00 00 04 29 00 01 00 D4 6C 00 00 04 2A 00 01 00 D4 6C 00 00 04 2D 00 01 00 D4 6C 00 00 04 2E 00 01 00 D4 6C 00 00 04 2F 00 00 00 D4 6C 00 00 04 30 00 01 00 D4 6C 00 00 04 31 00 01 00 D4 6C 00 00 04 32 00 01 00 D4 6C 00 00 04 33 00 01 00 D4 6C 00 00 04 34 00 01 00 D4 6C 00 00 04 34 00 01 00 D4 6C 00 00 04 15 00 01 00 D4 6C 00 00 04 18 00 01 00 D4 6C 00 00 04 19 00 01 00 D4 6C 00 00 04 1D 00 01 00 D4 6C 00 00 04 1E 00 01 00 D4 6C 00 00 04 1A 00 01 00 D4 6C 00 00 04 24 00 01 00 D4 6C 00 00 04 21 00 01 00 D4 6C 00 00 04 23 00 01 00 D4 6C 00 00 04 25 00 01 00 D4 6C 00 00 04 25 00 00 00 D8 42 00 00 05 27 08 00 00 26 D8 42 00 00 05 28 08 00 00 26 D8 42 00 00 05 2B 08 00 00 26 D8 42 00 00 05 2C 08 00 00 26 D6 34 00 00 05 02 01 03 05 00 DA 1E 00 08 66 66 76 69 69 68 69 74 03 5A 81 16 32 D9 12 00 00 01 03 DA 1E 00 08 66 66 76 69 69 68 69 74 03 50 81 16 32 D9 12 00 00 01 03 DA 1E 00 08 66 66 76 69 69 68 69 74 03 46 81 16 32 D9 12 00 00 01 03 DA 1E 00 08 66 66 76 69 69 68 69 74 03 3C 81 16 32 D6 16 00 00 06 78 00 00 81 20 14 01 D6 70 00 00 10 14 00 81 20 78 00 64 00 00 81 48 81 48 81 48 64 00 93 BC D0 30 05 01 D6 02 00 00 01 8F FF FF FF 7F CF 6C 00 00 07 00 8E 0E 8E 0E 00 00 8F FF FF FF 21 00 D4 3A 00 00 03 81 05 01 0A D6 66 00 0C 49 6E 74 72 6F 2D 44 75 6E 6B 65 6C 0E 14 00 81 20 78 00 64 00 01 81 48 81 48 81 48 64 00 00 D6 0C 00 00 01 13 00 00 00 00 00 03 02 12 01 01 04 04 02 8E 0E 05 05 8F FF FF FF 26 07 01 01 00 17 01 02 19 01 00 1F 01 00 21 01 03 22 01 00 23 01 00 24 01 00 29 03 0C 00 00 33 02 87 23 34 87 23 D6 16 00 00 06 64 50 50 1E 00 01 D6 70 00 00 10 14 00 81 20 78 00 64 64 00 81 48 81 48 81 48 64 00 64 03 00 D6 34 00 00 05 02 01 04 06 00 D8 42 00 00 0A 35 08 00 00 24 01 01 01 01 0E D9 12 00 00 01 05 D9 12 00 00 01 00 D9 12 00 00 01 00 D8 42 00 00 0F 35 08 00 00 22 08 5F 5F 46 61 72 62 65 6E 00 D8 42 00 00 19 16 05 00 00 0F 0F 0F 22 0C 63 68 61 72 61 5F 73 6F 6B 6F 5F 7A 02 0C 0D 0E D8 42 00 00 19 17 05 00 00 0F 0F 0F 22 0C 63 68 61 72 61 5F 73 6F 6B 6F 5F 7A 02 0C 0D 0E D9 12 00 00 01 09 D4 6C 00 00 04 35 00 19 09 D8 42 00 00 05 16 05 00 00 0F D8 42 00 00 05 17 05 00 00 0F D8 42 00 00 1E 35 08 00 00 22 0C 63 68 61 72 61 5F 73 6F 6B 6F 5F 7A 01 0D 1A 1D 18 03 03 00 19 18 03 19 D9 12 00 00 01 07 D8 42 00 00 27 16 05 00 00 22 0C 63 68 61 72 61 5F 73 6F 6B 6F 5F 7A 05 0D 0E 0F 22 0C 63 68 61 72 61 5F 73 6F 6B 6F 5F 7A 06 0C 0D D8 42 00 00 27 17 05 00 00 22 0C 63 68 61 72 61 5F 73 6F 6B 6F 5F 7A 05 0D 0E 0F 22 0C 63 68 61 72 61 5F 73 6F 6B 6F 5F 7A 06 0C 0D D9 12 00 00 01 14 E0 2A 00 00 03 00 77 00 CF 12 00 0C 46 41 43 45 2D 53 65 6C 64 61 6E 31 03 04 00 01 CE 7E 00 32 5C 63 5B 31 33 5D 52 6F 74 68 61 61 72 69 67 65 20 46 72 61 75 5C 63 5B 30 5D 3A 5C 73 5B 36 5D 20 53 2E 2E 2E 5C 2E 53 65 6C 64 61 6E 2E 2E 2E 5C 2E 00 81 9D 0E 00 21 47 6C 61 75 62 65 20 6D 69 72 2C 5C 2E 2E 2E 2E 65 73 20 69 73 74 20 62 65 73 73 65 72 20 73 6F 20 00 81 9D 0E 00 11 66 FC 72 20 6D 69 63 68 2E 2E 2E 5C 2E 5C 2E 5C 5E 00 CE 7E 00 2E 5C 63 5B 31 33 5D 52 6F 74 68 61 61 72 69 67 65 20 46 72 61 75 5C 63 5B 30 5D 3A 5C 73 5B 36 5D 20 44 69 65 73 65 20 65 77 69 67 65 6E 20 00 81 9D 0E 00 25 4B 72 69 65 67 65 2C 5C 2E 2E 2E 2E 20 69 63 68 20 6B 61 6E 6E 20 73 69 65 20 6E 69 63 68 74 20 6D 65 68 72 20 00 81 9D 0E 00 2D 73 65 68 65 6E 2E 2E 2E 5C 2E 20 44 61 73 2E 2E 2E 5C 2E 20 73 74 E4 6E 64 69 67 65 20 4B E4 6D 70 66 65 6E 2E 2E 2E 5C 2E 5C 2E 5C 5E 00 CE 7E 00 2C 5C 63 5B 31 33 5D 52 6F 74 68 61 61 72 69 67 65 20 46 72 61 75 5C 63 5B 30 5D 3A 5C 73 5B 36 5D 20 53 65 6C 64 61 6E 2E 2E 2E 5C 2E 00 81 9D 0E 00 18 44 65 6E 6B 73 74 20 64 75 20 77 69 72 6B 6C 69 63 68 2E 2E 2E 5C 2E 20 00 81 9D 0E 00 26 77 69 72 20 77 65 72 64 65 6E 20 73 6F 2E 2E 2E 5C 2E 20 6A 65 6D 61 6C 73 20 77 69 65 64 65 72 2E 2E 2E 5C 2E 20 00 81 9D 0E 00 1E 69 6E 20 46 72 69 65 64 65 6E 20 6C 65 62 65 6E 20 6B F6 6E 6E 65 6E 3F 5C 2E 5C 2E 5C 5E 00 E0 2A 00 00 03 00 77 00 D6 66 00 0C 49 6E 74 72 6F 2D 44 75 6E 6B 65 6C 0E 14 00 81 20 78 00 64 64 01 81 48 81 48 81 48 64 00 00 D6 70 00 00 10 14 00 81 20 78 00 64 00 00 81 48 81 48 81 48 64 00 93 BC D0 30 05 01 D6 02 00 00 01 8F FF FF FF 7F CF 6C 00 00 07 00 8E 0E 8E 0E 00 00 8F FF FF FF 2B 00 D4 3A 00 00 03 81 05 01 0A D6 66 00 0C 49 6E 74 72 6F 2D 44 75 6E 6B 65 6C 0E 14 00 81 20 78 00 64 00 01 81 48 81 48 81 48 64 00 00 D6 0C 00 00 01 13 00 00 00 00 00 04 02 12 01 01 04 04 02 8E 0E 05 05 8F FF FF FF 30 07 01 01 00 17 01 02 19 01 00 1F 01 00 21 01 03 22 01 00 23 01 00 24 01 00 29 03 0C 00 00 33 02 89 29 34 89 29 D6 16 00 00 06 64 50 50 1E 00 01 D6 70 00 00 10 14 00 81 20 78 00 64 64 00 81 48 81 48 81 48 64 00 64 03 00 D9 12 00 00 01 03 E0 2A 00 00 03 00 77 00 CF 12 00 0C 46 41 43 45 2D 53 65 6C 64 61 6E 31 03 04 00 01 CE 7E 00 37 5C 63 5B 31 33 5D 52 6F 74 68 61 61 72 69 67 65 20 46 72 61 75 5C 63 5B 30 5D 3A 5C 73 5B 36 5D 20 53 65 6C 64 61 6E 2E 2E 2E 5C 2E 20 6D 65 72 6B 73 74 20 64 75 20 00 81 9D 0E 00 27 6E 69 63 68 74 2C 5C 2E 20 77 69 65 20 77 69 72 20 75 6E 73 20 69 6D 20 4B 72 65 69 73 20 64 72 65 68 65 6E 3F 5C 2E 00 81 9D 0E 00 26 2E 2E 2E 20 6D 65 72 6B 73 74 20 64 75 20 6E 69 63 68 74 2C 5C 2E 20 77 69 65 20 6A 65 64 65 72 20 53 69 65 67 20 00 81 9D 0E 00 21 75 6E 73 20 6E 75 72 20 6D 65 68 72 20 4C 65 69 64 20 65 72 62 72 69 6E 67 74 3F 5C 2E 5C 2E 5C 5E 00 CE 7E 00 34 5C 63 5B 31 33 5D 52 6F 74 68 61 61 72 69 67 65 20 46 72 61 75 5C 63 5B 30 5D 3A 5C 73 5B 36 5D 20 44 75 20 77 65 69 DF 74 20 67 65 6E 61 75 20 77 61 73 20 00 81 9D 0E 00 28 65 73 20 69 73 74 2E 2E 2E 5C 2E 20 77 61 73 20 75 6E 73 2E 2E 2E 5C 2E 20 69 6E 20 64 69 65 73 65 72 20 4C 61 67 65 20 00 81 9D 0E 00 0D 68 E4 6C 74 2E 2E 20 5C 2E 5C 2E 5C 5E 00 CE 7E 00 36 5C 63 5B 31 33 5D 52 6F 74 68 61 61 72 69 67 65 20 46 72 61 75 5C 63 5B 30 5D 3A 5C 73 5B 36 5D 20 48 F6 72 20 6E 69 63 68 74 20 61 75 66 20 64 61 73 2C 5C 2E 20 00 81 9D 0E 00 27 2E 2E 2E 77 61 73 20 73 69 65 20 64 69 72 20 73 61 67 65 6E 2E 2E 2E 5C 2E 20 68 F6 72 20 61 75 66 20 64 69 63 68 20 00 81 9D 0E 00 17 73 65 6C 62 73 74 2C 20 53 65 6C 64 61 6E 2E 2E 2E 5C 2E 5C 2E 5C 5E 00 CE 7E 00 33 5C 63 5B 31 33 5D 52 6F 74 68 61 61 72 69 67 65 20 46 72 61 75 5C 63 5B 30 5D 3A 5C 73 5B 36 5D 20 44 75 20 68 61 73 74 20 64 69 65 20 4B 72 61 66 74 20 00 81 9D 0E 00 25 64 61 7A 75 2E 2E 2E 5C 2E 20 48 61 6E 64 65 6C 20 6E 61 63 68 20 64 65 69 6E 65 6D 20 65 69 67 65 6E 65 6E 20 00 81 9D 0E 00 29 47 65 77 69 73 73 65 6E 21 5C 2E 20 2E 2E 2E 5C 2E 20 54 75 20 65 73 20 66 FC 72 20 6D 69 63 68 2E 2E 2E 5C 2E 5C 2E 5C 5E 00 CE 7E 00 32 5C 63 5B 31 33 5D 52 6F 74 68 61 61 72 69 67 65 20 46 72 61 75 5C 63 5B 30 5D 3A 5C 73 5B 36 5D 20 45 73 20 69 73 74 20 6D 65 69 6E 2E 2E 2E 5C 2E 20 00 81 9D 0E 00 28 6C 65 74 7A 74 65 72 20 57 75 6E 73 63 68 20 61 6E 20 64 69 63 68 2E 2E 2E 5C 2E 20 53 65 6C 64 61 6E 2E 2E 2E 5C 2E 20 00 81 9D 0E 00 25 69 63 68 2E 2E 2E 5C 2E 20 69 63 68 20 6C 69 65 62 65 20 64 69 63 68 2E 2E 2E 5C 2E 20 56 65 72 67 69 73 73 20 00 81 9D 0E 00 23 6D 69 63 68 2E 2E 2E 5C 2E 20 62 69 74 74 65 2E 2E 2E 5C 2E 20 6E 69 63 68 74 2E 2E 2E 5C 2E 5C 2E 5C 5E 00 E0 2A 00 00 03 00 77 00 D9 12 00 00 01 02 D8 42 00 00 05 16 05 00 00 0E D8 42 00 00 05 17 05 00 00 0E D9 12 00 00 01 05 D8 42 00 00 0C 16 05 00 00 0F 0E 0E 0E 0F 0E 0F 0E D8 42 00 00 0C 17 05 00 00 0F 0E 0E 0E 0F 0E 0F 0E D9 12 00 00 01 0C D8 42 00 00 36 16 05 00 00 22 0C 63 68 61 72 61 5F 73 6F 6B 6F 5F 7A 07 0C 0D 0E 0F 0E 0F 0E 0F 0E 0F 0E 0E 0F 0E 0F 0E 0F 0E 0F 0E 0F 0E 0F 0E 0F 0E 0F 0E 0F 0E 0F 0E 0F 0E 0F D8 42 00 00 36 17 05 00 00 22 0C 63 68 61 72 61 5F 73 6F 6B 6F 5F 7A 07 0C 0D 0E 0F 0E 0F 0E 0F 0E 0F 0E 0E 0F 0E 0F 0E 0F 0E 0F 0E 0F 0E 0F 0E 0F 0E 0F 0E 0F 0E 0F 0E 0F 0E 0F D9 12 00 00 01 0A D6 66 00 0C 49 6E 74 72 6F 2D 44 75 6E 6B 65 6C 0E 14 00 81 20 78 00 64 64 01 81 48 81 48 81 48 64 00 00 D6 70 00 00 10 14 00 81 20 78 00 64 00 00 81 48 81 48 81 48 64 00 93 BC D0 30 02 01 D6 02 00 00 01 8F FF FF FF 7F CF 6C 00 00 07 00 8E 0E 8E 0E 00 00 8F FF FF FF 35 00 D4 3A 00 00 03 81 05 01 0A D6 66 00 0C 49 6E 74 72 6F 2D 44 75 6E 6B 65 6C 0E 14 00 81 20 78 00 64 00 01 81 48 81 48 81 48 64 00 00 D6 0C 00 00 01 13 00 00 00 00 00 00 21 01 09 45 56 30 30 33 33 57 45 47 02 01 0E 03 01 05 05 4E 01 01 02 07 01 01 00 07 01 01 00 15 11 53 6F 6C 64 61 74 65 6E 5F 7A 75 6B 75 6E 66 74 32 16 01 03 17 01 00 19 01 01 1F 01 06 20 01 05 21 01 00 22 01 02 23 01 00 24 01 04 29 09 0B 01 03 0C 03 0C 0D 0E 00 33 01 04 34 04 00 00 00 00 00 00 22 01 06 45 56 30 30 33 34 02 01 03 03 01 03 05 4E 01 01 02 07 01 01 00 07 01 01 00 15 11 53 6F 6C 64 61 74 65 6E 5F 7A 75 6B 75 6E 66 74 32 16 01 07 17 01 00 19 01 01 1F 01 06 20 01 05 21 01 00 22 01 02 23 01 00 24 01 04 29 09 0B 01 03 0C 03 0C 0D 0E 00 33 01 04 34 04 00 00 00 00 00 00 23 01 09 45 56 30 30 33 35 57 45 47 02 01 0A 03 01 07 05 51 01 01 02 07 01 01 00 07 01 01 00 15 11 53 6F 6C 64 61 74 65 6E 5F 7A 75 6B 75 6E 66 74 32 16 01 07 17 01 00 18 01 00 19 01 01 1F 01 06 20 01 05 21 01 00 22 01 02 23 01 00 24 01 04 29 09 0B 01 03 0C 03 0C 0D 0E 00 33 01 04 34 04 00 00 00 00 00 00 24 01 0A 45 56 30 30 33 36 57 45 47 78 02 01 21 03 01 0B 05 51 01 01 02 07 01 01 00 07 01 01 00 15 11 53 6F 6C 64 61 74 65 6E 5F 7A 75 6B 75 6E 66 74 32 16 01 07 17 01 00 18 01 00 19 01 01 1F 01 06 20 01 05 21 01 00 22 01 02 23 01 00 24 01 04 29 09 0B 01 03 0C 03 0C 0D 0E 00 33 01 04 34 04 00 00 00 00 00 00 25 01 03 57 45 47 02 01 17 03 01 0D 05 4E 01 01 02 07 01 01 00 07 01 01 00 15 11 53 6F 6C 64 61 74 65 6E 5F 7A 75 6B 75 6E 66 74 32 16 01 03 17 01 00 19 01 01 1F 01 06 20 01 05 21 01 00 22 01 02 23 01 00 24 01 04 29 09 0B 01 03 0C 03 0C 0D 0E 00 33 01 04 34 04 00 00 00 00 00 00 26 01 0C 53 6F 6B 6F 2D 50 69 73 74 6F 6C 65 02 01 18 03 01 0A 05 81 01 02 01 02 12 01 01 04 04 02 8E 0E 05 05 8F FF FF FF 1C 07 01 01 00 15 0C 63 68 61 72 61 5F 73 6F 6B 6F 5F 7A 17 01 03 19 01 00 1F 01 00 21 01 00 22 01 01 23 01 00 24 01 00 29 03 0C 00 00 33 01 04 34 04 00 00 00 00 00 02 02 12 01 01 04 04 02 8E 0E 05 05 8F FF FF FF 26 07 01 01 00 17 01 01 19 01 00 1F 01 00 21 01 00 22 01 00 23 01 00 24 01 00 29 03 0C 00 00 33 01 04 34 04 00 00 00 00 00 00 27 01 07 53 65 6C 64 61 6E 31 02 01 13 03 01 09 05 81 04 02 01 02 12 01 01 04 04 02 8E 0E 05 05 8F FF FF FF 1C 07 01 01 00 15 0C 63 68 61 72 61 5F 73 65 6C 64 61 6E 16 01 02 17 01 03 19 01 00 1F 01 00 21 01 00 22 01 01 23 01 00 24 01 01 29 03 0C 00 00 33 01 04 34 04 00 00 00 00 00 02 02 12 01 01 04 04 02 8E 0E 05 05 8F FF FF FF 26 07 01 01 00 17 01 01 19 01 00 1F 01 00 21 01 00 22 01 00 23 01 00 24 01 00 29 03 0C 00 00 33 01 04 34 04 00 00 00 00 00 00 28 01 07 53 65 6C 64 61 6E 32 02 01 14 03 01 09 05 81 04 02 01 02 12 01 01 04 04 02 8E 0E 05 05 8F FF FF FF 1C 07 01 01 00 15 0C 63 68 61 72 61 5F 73 65 6C 64 61 6E 16 01 03 17 01 03 19 01 00 1F 01 00 21 01 00 22 01 01 23 01 00 24 01 01 29 03 0C 00 00 33 01 04 34 04 00 00 00 00 00 02 02 12 01 01 04 04 02 8E 0E 05 05 8F FF FF FF 26 07 01 01 00 17 01 01 19 01 00 1F 01 00 21 01 00 22 01 00 23 01 00 24 01 00 29 03 0C 00 00 33 01 04 34 04 00 00 00 00 00 00 29 01 09 53 6F 6C 64 61 74 31 2D 32 02 01 0E 03 01 08 05 81 06 02 01 02 12 01 01 04 04 02 8E 0E 05 05 8F FF FF FF 1C 07 01 01 00 15 0E 47 45 47 4E 45 52 5F 4D 6F 73 6B 69 74 6F 16 01 06 17 01 01 19 01 00 1F 01 00 21 01 00 22 01 01 23 01 00 24 01 01 29 03 0C 00 00 33 01 04 34 04 00 00 00 00 00 02 02 12 01 01 04 04 02 8E 0E 05 05 8F FF FF FF 26 07 01 01 00 17 01 01 19 01 00 1F 01 00 21 01 00 22 01 00 23 01 00 24 01 00 29 03 0C 00 00 33 01 04 34 04 00 00 00 00 00 00 2A 01 07 53 6F 6C 64 61 74 31 02 01 0F 03 01 08 05 81 06 02 01 02 12 01 01 04 04 02 8E 0E 05 05 8F FF FF FF 1C 07 01 01 00 15 0E 47 45 47 4E 45 52 5F 4D 6F 73 6B 69 74 6F 16 01 07 17 01 01 19 01 00 1F 01 00 21 01 00 22 01 01 23 01 00 24 01 01 29 03 0C 00 00 33 01 04 34 04 00 00 00 00 00 02 02 12 01 01 04 04 02 8E 0E 05 05 8F FF FF FF 26 07 01 01 00 17 01 01 19 01 00 1F 01 00 21 01 00 22 01 00 23 01 00 24 01 00 29 03 0C 00 00 33 01 04 34 04 00 00 00 00 00 00 2B 01 09 53 6F 6C 64 61 74 32 2D 32 02 01 0F 03 01 0A 05 81 06 02 01 02 12 01 01 04 04 02 8E 0E 05 05 8F FF FF FF 1C 07 01 01 00 15 0E 47 45 47 4E 45 52 5F 4D 6F 73 6B 69 74 6F 16 01 06 17 01 01 19 01 00 1F 01 00 21 01 00 22 01 01 23 01 00 24 01 01 29 03 0C 00 00 33 01 04 34 04 00 00 00 00 00 02 02 12 01 01 04 04 02 8E 0E 05 05 8F FF FF FF 26 07 01 01 00 17 01 01 19 01 00 1F 01 00 21 01 00 22 01 00 23 01 00 24 01 00 29 03 0C 00 00 33 01 04 34 04 00 00 00 00 00 00 2C 01 07 53 6F 6C 64 61 74 32 02 01 10 03 01 0A 05 81 06 02 01 02 12 01 01 04 04 02 8E 0E 05 05 8F FF FF FF 1C 07 01 01 00 15 0E 47 45 47 4E 45 52 5F 4D 6F 73 6B 69 74 6F 16 01 07 17 01 01 19 01 00 1F 01 00 21 01 00 22 01 01 23 01 00 24 01 01 29 03 0C 00 00 33 01 04 34 04 00 00 00 00 00 02 02 12 01 01 04 04 02 8E 0E 05 05 8F FF FF FF 26 07 01 01 00 17 01 01 19 01 00 1F 01 00 21 01 00 22 01 00 23 01 00 24 01 00 29 03 0C 00 00 33 01 04 34 04 00 00 00 00 00 00 2D 01 0A 42 5F 53 6F 6C 64 61 74 5F 31 02 01 16 03 01 0B 05 81 08 02 01 02 12 01 01 04 04 02 8E 0E 05 05 8F FF FF FF 1C 07 01 01 00 15 10 53 6F 6C 64 61 74 65 6E 5F 7A 75 6B 75 6E 66 74 16 01 03 17 01 01 19 01 00 1F 01 00 21 01 00 22 01 01 23 01 00 24 01 01 29 03 0C 00 00 33 01 04 34 04 00 00 00 00 00 02 02 12 01 01 04 04 02 8E 0E 05 05 8F FF FF FF 26 07 01 01 00 17 01 01 19 01 00 1F 01 00 21 01 00 22 01 00 23 01 00 24 01 00 29 03 0C 00 00 33 01 04 34 04 00 00 00 00 00 00 2E 01 0C 42 5F 53 6F 6C 64 61 74 5F 31 5F 32 02 01 17 03 01 0B 05 81 08 02 01 02 12 01 01 04 04 02 8E 0E 05 05 8F FF FF FF 1C 07 01 01 00 15 10 53 6F 6C 64 61 74 65 6E 5F 7A 75 6B 75 6E 66 74 16 01 07 17 01 01 19 01 00 1F 01 00 21 01 00 22 01 01 23 01 00 24 01 01 29 03 0C 00 00 33 01 04 34 04 00 00 00 00 00 02 02 12 01 01 04 04 02 8E 0E 05 05 8F FF FF FF 26 07 01 01 00 17 01 01 19 01 00 1F 01 00 21 01 00 22 01 00 23 01 00 24 01 00 29 03 0C 00 00 33 01 04 34 04 00 00 00 00 00 00 2F 01 0A 42 5F 53 6F 6C 64 61 74 5F 32 02 01 18 03 01 08 05 81 08 02 01 02 12 01 01 04 04 02 8E 0E 05 05 8F FF FF FF 1C 07 01 01 00 15 10 53 6F 6C 64 61 74 65 6E 5F 7A 75 6B 75 6E 66 74 16 01 03 17 01 01 19 01 00 1F 01 00 21 01 00 22 01 01 23 01 00 24 01 01 29 03 0C 00 00 33 01 04 34 04 00 00 00 00 00 02 02 12 01 01 04 04 02 8E 0E 05 05 8F FF FF FF 26 07 01 01 00 17 01 01 19 01 00 1F 01 00 21 01 00 22 01 00 23 01 00 24 01 00 29 03 0C 00 00 33 01 04 34 04 00 00 00 00 00 00 30 01 0C 42 5F 53 6F 6C 64 61 74 5F 32 5F 32 02 01 19 03 01 08 05 81 08 02 01 02 12 01 01 04 04 02 8E 0E 05 05 8F FF FF FF 1C 07 01 01 00 15 10 53 6F 6C 64 61 74 65 6E 5F 7A 75 6B 75 6E 66 74 16 01 07 17 01 01 19 01 00 1F 01 00 21 01 00 22 01 01 23 01 00 24 01 01 29 03 0C 00 00 33 01 04 34 04 00 00 00 00 00 02 02 12 01 01 04 04 02 8E 0E 05 05 8F FF FF FF 26 07 01 01 00 17 01 01 19 01 00 1F 01 00 21 01 00 22 01 00 23 01 00 24 01 00 29 03 0C 00 00 33 01 04 34 04 00 00 00 00 00 00 31 01 09 53 6F 6C 64 61 74 33 2D 32 02 01 0C 03 01 09 05 81 06 02 01 02 12 01 01 04 04 02 8E 0E 05 05 8F FF FF FF 1C 07 01 01 00 15 0E 47 45 47 4E 45 52 5F 4D 6F 73 6B 69 74 6F 16 01 06 17 01 01 19 01 00 1F 01 00 21 01 00 22 01 01 23 01 00 24 01 01 29 03 0C 00 00 33 01 04 34 04 00 00 00 00 00 02 02 12 01 01 04 04 02 8E 0E 05 05 8F FF FF FF 26 07 01 01 00 17 01 01 19 01 00 1F 01 00 21 01 00 22 01 00 23 01 00 24 01 00 29 03 0C 00 00 33 01 04 34 04 00 00 00 00 00 00 32 01 07 53 6F 6C 64 61 74 33 02 01 0D 03 01 09 05 81 06 02 01 02 12 01 01 04 04 02 8E 0E 05 05 8F FF FF FF 1C 07 01 01 00 15 0E 47 45 47 4E 45 52 5F 4D 6F 73 6B 69 74 6F 16 01 07 17 01 01 19 01 00 1F 01 00 21 01 00 22 01 01 23 01 00 24 01 01 29 03 0C 00 00 33 01 04 34 04 00 00 00 00 00 02 02 12 01 01 04 04 02 8E 0E 05 05 8F FF FF FF 26 07 01 01 00 17 01 01 19 01 00 1F 01 00 21 01 00 22 01 00 23 01 00 24 01 00 29 03 0C 00 00 33 01 04 34 04 00 00 00 00 00 00 33 01 09 53 6F 6C 64 61 74 34 2D 32 02 01 0B 03 01 07 05 81 06 02 01 02 12 01 01 04 04 02 8E 0E 05 05 8F FF FF FF 1C 07 01 01 00 15 0E 47 45 47 4E 45 52 5F 4D 6F 73 6B 69 74 6F 16 01 06 17 01 01 19 01 00 1F 01 00 21 01 00 22 01 01 23 01 00 24 01 01 29 03 0C 00 00 33 01 04 34 04 00 00 00 00 00 02 02 12 01 01 04 04 02 8E 0E 05 05 8F FF FF FF 26 07 01 01 00 17 01 01 19 01 00 1F 01 00 21 01 00 22 01 00 23 01 00 24 01 00 29 03 0C 00 00 33 01 04 34 04 00 00 00 00 00 00 34 01 07 53 6F 6C 64 61 74 34 02 01 0C 03 01 07 05 81 06 02 01 02 12 01 01 04 04 02 8E 0E 05 05 8F FF FF FF 1C 07 01 01 00 15 0E 47 45 47 4E 45 52 5F 4D 6F 73 6B 69 74 6F 16 01 07 17 01 01 19 01 00 1F 01 00 21 01 00 22 01 01 23 01 00 24 01 01 29 03 0C 00 00 33 01 04 34 04 00 00 00 00 00 02 02 12 01 01 04 04 02 8E 0E 05 05 8F FF FF FF 26 07 01 01 00 17 01 01 19 01 00 1F 01 00 21 01 00 22 01 00 23 01 00 24 01 00 29 03 0C 00 00 33 01 04 34 04 00 00 00 00 00 00 35 01 0B 53 65 6C 64 61 6E 2D 52 65 6E 6E 02 01 15 03 01 0A 05 81 07 02 01 02 12 01 01 04 04 02 8E 0E 05 05 8F FF FF FF 26 07 01 01 00 15 0C 63 68 61 72 61 5F 73 65 6C 64 61 6E 17 01 01 19 01 00 1F 01 00 21 01 00 22 01 01 23 01 00 24 01 00 25 01 04 29 03 0C 00 00 33 01 04 34 04 00 00 00 00 00 02 02 12 01 01 04 04 02 8E 0E 05 05 8F FF FF FF 30 07 01 01 00 17 01 01 19 01 00 1F 01 00 21 01 00 22 01 00 23 01 00 24 01 00 25 01 04 29 03 0C 00 00 33 01 04 34 04 00 00 00 00 00 00 36 01 06 45 56 30 30 35 34 02 01 14 03 01 0D 05 32 01 01 02 07 01 01 00 07 01 01 00 16 01 4E 17 01 02 19 01 00 1F 01 00 21 01 00 22 01 02 23 01 00 24 01 00 29 03 0C 00 00 33 01 04 34 04 00 00 00 00 00 00 37 01 06 45 56 30 30 35 35 02 01 13 03 01 0E 05 32 01 01 02 07 01 01 00 07 01 01 00 16 01 54 17 01 02 19 01 00 1F 01 00 21 01 00 22 01 02 23 01 00 24 01 00 29 03 0C 00 00 33 01 04 34 04 00 00 00 00 00
00

38 (Event #56)
01 06 45 56 30 30 35 36
02 01 13
03 01 0C
05 32 (50 Bytes)
...pages
00

39 (Event #57)
01 06 45 56 30 30 35 37
02 01 1F
03 01 09
05 32 (50 Bytes)
...pages
00